track1
 -59.39999390 23.42092133 10.25708961
 -59.39999390 23.65779877 10.80255985
 -59.39999390 23.17587471 11.04485035
 -59.39999390 22.90280342 12.19941998
 -59.39999390 22.82805061 11.97527981
 -59.39999390 22.16995239 12.42376995
 -59.39999390 21.73153114 13.20711040
 -59.39999390 21.77251244 13.85727024
 -59.39999390 22.48922157 13.94668007
 -59.39999390 22.81902885 14.97041988
 -59.39999390 22.95795631 16.12865067
 -59.39999390 23.42208099 17.20565987
 -59.39999390 23.59059525 18.01519966
 -59.39999390 23.77111053 18.22835922
 -59.39999390 25.87077522 19.78453064
 -59.39999390 27.41617966 20.90443039
 -59.39999390 28.11699867 22.26478004
 -59.39999390 28.39155960 23.03256989
 -59.39999390 28.20322800 23.87359047
 -59.39999390 27.39332771 21.67069054
 -59.39999390 27.91223907 20.21003914
 -59.39999390 28.31114578 19.28400993
track2
 -16.16140747 6.118862152 3.621112108
 -16.89392090 5.953707218 4.101348877
 -18.20245361 5.885299206 4.916777134
 -18.45864868 6.013661861 6.219615936
 -18.26196289 6.729865074 6.811049938
 -18.23623657 7.187903881 6.677095890
 -18.51098633 7.805134773 7.577930927
 -19.83551025 7.553475857 7.028016090
 -20.86825562 7.047345161 7.569593906
 -21.63732910 7.157972813 7.370230198
 -22.13922119 8.054555893 8.443947792
 -23.60388184 7.863481045 8.976365089
 -24.29196167 8.176636696 8.997176170
 -24.21496582 9.253375053 10.38241959
 -24.89813232 9.339626312 12.93941975
 -25.13259888 11.31554508 13.07137966
 -25.98150635 12.05264854 12.21362972
 -26.86245728 12.43894672 11.98814011
 -27.64993286 12.85163784 13.17164040
 -28.40319824 13.20567894 16.01309013
 -29.12609863 13.85202408 14.44316959
 -29.82751465 12.69067001 17.74064064
 -30.52142334 13.09532356 20.19407082
 -31.38815308 13.71218491 19.28008080
 -32.19418335 14.21102428 17.72760963
 -32.99700928 14.68990898 17.93148994
 -33.89663696 15.02980518 19.16176033
 -34.85177612 15.34609413 18.73048019
 -35.78723145 15.99950409 21.42930031
 -36.93713379 16.49917984 21.44968987
 -37.88836670 16.78547096 21.93961906
 -38.52188110 17.18784332 24.57634926
 -39.13516235 17.39077950 24.56645966
 -39.68676758 17.70078659 23.53056908
 -40.16961670 18.07714653 24.16848946
 -40.53930664 18.42088318 25.80961990
 -40.68731689 19.07909584 25.01742935
 -40.72079468 19.64379692 24.47002029
 -40.83914185 20.05969048 26.28513908
 -41.06524658 20.50065994 23.34629059
 -41.42138672 20.72043228 22.99745941
 -41.95404053 21.01542664 23.11886978
 -42.99783325 20.05117226 23.19698906
 -43.52584839 19.56160164 24.19426918
 -44.00527954 19.55807877 25.70471001
 -44.19876099 19.79781151 25.31355095
 -44.38497925 20.41247177 26.32156944
 -44.47128296 21.17197418 23.84922028
 -44.73309326 22.32800865 22.07214928
 -44.87759399 23.01069832 21.48101997
 -45.17733765 24.22525406 23.23130035
 -45.86697388 25.11489677 24.31040955
 -46.75057983 25.98961067 22.57467079
track3
 -59.39999390 24.53596115 13.35328960
 -59.39999390 24.57204628 14.02989006
 -59.39999390 25.09639549 15.52122021
 -59.39999390 26.15619087 16.12401962
 -59.39999390 26.59765244 16.90891075
 -59.39999390 27.42440224 19.01306915
 -59.39999390 27.61131859 19.35025978
 -59.39999390 27.38969994 19.93762970
 -59.39999390 27.05338097 21.30278015
 -59.39999390 26.86978149 23.57895088
 -59.39999390 28.02086258 24.02425003
 -59.39999390 28.70559883 25.78396034
 -59.39999390 29.62024689 26.66431999
 -59.39999390 30.49768639 28.11171913
 -59.39999390 31.71306038 29.02466011
 -59.39999390 32.87487030 29.38320923
 -59.39999390 34.32848740 30.58908081
 -59.39999390 35.86903763 31.53395081
 -59.39999390 38.66130829 34.20104980
 -59.39999390 40.60266113 36.83794022
 -57.25189209 41.34940338 38.70576096
 -56.39385986 41.91566086 39.28252029
 -56.74154663 42.26501465 38.46965027
 -57.16748047 42.21221542 42.54732132
 -57.51635742 41.95269012 37.64884949
 -57.67935181 41.82909775 37.89955139
 -59.39999390 40.71585464 35.59125900
 -59.39999390 39.93572617 32.62388992
 -59.39999390 39.89836502 32.27386093
 -59.39999390 39.89176178 32.27111053
 -59.39999390 39.74430847 31.66180992
 -58.98245239 39.54961777 31.15251923
 -57.36224365 39.81277084 30.64699936
 -56.54013062 40.00959396 31.43942070
 -55.65808105 40.04014587 31.80007935
 -54.75765991 40.17966080 34.02008820
 -53.79849243 40.20642090 34.35874176
 -52.21713257 40.76258469 36.09904099
 -51.17831421 40.72655106 34.02838898
 -49.46212769 41.00473785 31.51226997
 -48.51483154 40.88885117 28.23405075
 -47.11627197 40.79023743 25.72911072
 -45.28228760 41.85342026 25.38165092
 -43.61190796 42.59235382 22.73929024
 -42.81100464 42.66889954 21.36734962
track4
 -52.85113525 26.88719940 18.37849045
 -52.63217163 27.99074554 18.97921944
 -52.27447510 28.87197304 20.40074921
 -51.54766846 29.79578972 20.77177048
 -50.94308472 30.93449974 19.69145012
 -50.34405518 31.65375900 20.14207077
 -49.76931763 32.11423492 21.15810966
 -49.18060303 32.54572678 20.83708000
 -48.70242310 33.14996719 20.53372002
 -48.27392578 33.77096176 19.02820015
 -47.62597656 34.50168228 17.91912079
 -47.02197266 35.18203735 17.79947090
 -46.36889648 36.06732178 18.89212990
 -45.49359131 36.92431641 19.22397041
 -44.56320190 37.57484436 19.11403084
 -43.25674438 38.09861755 20.23484039
 -41.59399414 39.01582718 20.68574905
 -39.97131348 39.89172363 23.79998970
 -37.85894775 39.94817734 23.08064079
 -35.91073608 40.54960251 26.22882080
 -34.02743530 40.45366287 26.11944008
 -32.00296021 40.53660583 27.70602989
 -29.89419556 40.27531052 26.58987045
 -28.05776978 39.74755096 26.85932922
 -25.93151855 39.24872589 25.03474045
 -24.22454834 39.81278992 27.37258911
 -22.14785767 39.42087936 26.92042923
 -21.91757202 41.39500046 28.35741997
 -20.15216064 41.04234695 27.27920914
 -18.24630737 40.85687637 26.00881004
 -16.74578857 40.59702301 25.10564995
 -14.90075684 40.33936310 24.26548004
 -13.10168457 40.24176407 23.41861916
 -10.63064575 39.99448013 25.16838074
 -8.530639648 39.36102295 25.46703911
 -11.22927856 40.90019989 21.71631050
 -10.62222290 39.87937546 20.68032074
 -9.997070312 38.88144302 20.50227928
 -9.735198975 37.34152603 19.61541939
 -9.179351807 36.85214996 17.26704025
 -8.534667969 36.44844818 16.58789062
 -7.835174561 36.20154572 15.41961002
 -7.176452637 36.03045654 13.43523026
 -6.391479492 35.09431076 12.96831036
track5
 -33.75677490 10.72297764 19.02153969
 -34.73632812 10.38803959 19.77553940
 -35.46923828 10.63242340 20.47974014
 -36.31100464 10.77982521 19.82949066
 -37.28729248 10.90276241 20.56327057
 -38.46301270 10.93751431 20.39744949
 -39.49792480 11.17015934 22.88150024
 -40.59350586 11.42770004 22.78837967
 -41.78323364 11.56471825 21.85268021
 -42.85214233 11.71643925 22.48413086
 -43.75387573 11.90647221 23.48047066
 -44.58752441 12.10332298 27.16254044
 -45.51281738 12.29915047 26.03248978
 -46.56344604 12.44116020 27.49435043
 -47.49209595 12.53040600 28.29805946
 -48.34988403 12.72940636 28.04180908
 -49.13247681 13.04290581 27.28694916
 -49.89511108 13.38019562 25.17078018
 -50.60018921 13.69486046 25.33226013
 -51.21502686 13.95044899 25.43244934
 -51.84289551 14.09442139 30.67108917
 -52.50881958 14.34518623 32.37942123
 -53.14532471 14.62743473 33.87639999
 -53.70761108 14.75662231 34.11293030
 -54.26824951 14.76889420 31.66953087
 -54.78738403 14.74401093 29.92625999
 -55.29095459 14.64614105 29.88983917
 -55.85549927 14.50267887 26.19174957
 -57.01852417 13.70601463 20.67373085
track6
 -17.73944092 11.91879559 19.18511963
 -16.80523682 11.12107754 21.96759033
 -16.26443481 11.73610020 17.87941933
 -16.21487427 12.13076878 18.60666084
 -16.60635376 12.25359440 16.16669083
 -17.22763062 12.46978378 12.88006973
 -18.13787842 12.88801670 14.34224033
 -18.97766113 12.92770576 15.76677036
 -19.54608154 12.58024979 16.26062965
 -19.98062134 12.45807838 15.27254009
 -20.32153320 12.79121971 15.83530045
 -21.12213135 13.24807167 16.94415092
 -22.35012817 13.09102154 13.65729046
 -23.12594604 12.82617474 16.30676079
 -23.39526367 12.69943047 16.70490074
 -23.80487061 12.83226204 14.70757008
 -24.14434814 13.14913559 14.40124035
 -24.50128174 13.54512882 12.97653961
 -24.97360229 13.84834480 12.20394993
 -25.79010010 13.87956047 12.31583023
 -26.53787231 14.01655865 10.42276001
 -27.17169189 14.15005016 10.24357033
 -27.68862915 14.09229374 12.29459953
 -28.13201904 14.04473019 12.25175953
 -28.60101318 13.97295284 12.67586040
 -29.05737305 14.18135929 12.38366985
 -29.60052490 14.49404526 11.82826996
 -30.16448975 13.98351288 13.22698021
 -30.69653320 13.50777531 14.06278992
 -31.29440308 13.18565941 15.62084007
 -31.84921265 12.83201027 14.64525986
 -32.46472168 13.07954979 15.32975006
 -33.09280396 13.12101841 15.02729988
 -33.72305298 13.50988197 15.37730980
 -34.30593872 13.80421829 16.72246933
 -35.12951660 14.43217659 15.31908989
 -35.65777588 14.62540340 14.09589958
 -36.04626465 14.63769436 13.28952980
 -36.46511841 14.34343624 13.62314034
 -36.87875366 14.24937344 15.55191994
 -37.45962524 14.64810276 18.00385094
 -38.34347534 14.82320404 18.79603004
 -39.08789062 14.68070602 18.21480942
 -39.91043091 14.53630733 19.49731064
 -40.67892456 14.71838665 20.05248070
 -41.46978760 14.90132809 20.51542091
 -42.27496338 14.86247444 22.38072968
 -43.13787842 14.74422932 21.05485916
 -43.98733521 14.72154713 21.30035019
 -44.85848999 14.52785587 20.97369957
 -45.70913696 14.66499519 22.41752052
 -46.58489990 14.82584858 22.33119011
 -47.32315063 14.90041065 21.07028008
 -47.97622681 15.01700211 20.55373955
 -48.64608765 15.14989662 21.84049988
 -49.54598999 15.45188522 22.79984093
 -50.71594238 15.78810310 23.83946991
 -51.67483521 16.03328705 23.79738998
 -52.57452393 16.09109497 23.44042969
 -53.32586670 16.22808647 24.03054047
 -53.97326660 16.34012032 24.71540070
 -54.69183350 16.27638817 26.09449959
 -55.36312866 16.21759605 24.17687988
 -55.99581909 16.13065910 20.55204964
 -57.54614258 16.28373146 16.97262955
 -59.39999390 16.63248253 12.88580036
track7
 -49.33059692 22.84654427 14.31515026
 -50.09680176 22.61694717 14.15649033
 -50.52416992 21.80527115 14.46776009
 -50.99893188 21.81897736 14.82221985
 -51.52816772 21.31425476 15.33510971
 -52.40905762 21.06832314 15.77639961
 -53.52334595 20.98215675 15.92113972
 -55.50234985 20.36160278 16.04494095
 -56.75720215 20.38086891 14.58071041
 -57.87603760 20.03698921 14.45981026
 -59.39999390 19.57698250 15.06933022
 -59.39999390 19.42236519 15.07882023
 -59.39999390 19.13824463 15.68062019
 -59.39999390 18.67351913 16.27095985
 -59.39999390 18.61216545 18.32006073
 -59.39999390 18.71221542 19.19636917
 -59.39999390 19.02573395 21.35672951
 -59.39999390 19.22819138 25.96986961
 -59.39999390 19.68453979 25.69809914
 -59.39999390 20.07717323 26.74249077
 -59.39999390 20.53184128 26.66724014
 -59.39999390 21.54379463 28.28503036
 -59.39999390 21.44426155 26.35767937
 -59.39999390 21.80691338 27.03676033
 -59.39999390 21.42894554 26.71752930
 -59.39999390 19.18580055 25.86305046
track8
 -59.39999390 19.45018578 25.72246933
 -59.39999390 20.97765160 26.93840981
 -59.39999390 23.19236183 26.00815010
 -59.39999390 23.70173836 25.32649040
 -59.39999390 24.18630791 24.44905090
 -59.39999390 24.84038162 24.62438965
 -59.39999390 26.46663094 23.89118004
 -59.39999390 28.30159378 24.89207077
 -59.39999390 29.81703377 23.45042038
 -59.39999390 30.94072914 22.86076927
 -59.39999390 31.80056953 21.97719955
 -59.39999390 32.15839386 22.88165092
 -59.39999390 32.38674545 23.49296951
 -59.39999390 32.50522614 24.02651978
 -59.39999390 32.78243256 25.49835968
 -58.57778931 32.99505234 26.82725906
 -57.11572266 33.15674210 28.98291016
 -56.37902832 33.40576935 32.13653946
 -55.87060547 33.76894379 35.05532074
 -55.45895386 34.10674667 35.96126938
 -55.14373779 34.37895966 34.43983841
 -54.79284668 34.66629028 35.24691010
 -54.29336548 35.03210449 36.49473953
 -53.77053833 35.45164108 36.55879974
 -53.24542236 35.74573135 37.03350830
 -52.60797119 35.99979401 36.57477188
 -51.83792114 36.30857849 36.40909958
 -50.91006470 36.70093536 35.79450989
 -49.91275024 37.17645264 35.03266144
 -49.00558472 37.57550049 33.21834946
 -48.09936523 37.79898834 31.47497940
 -47.21261597 37.97538376 30.86879921
 -46.28323364 38.19643021 29.19072914
 -45.40515137 38.27241135 30.07851982
 -44.51968384 38.29526901 30.74806976
 -43.82965088 38.22904205 30.91847992
 -43.18927002 38.16791534 29.20371056
 -42.73101807 38.23566437 27.34197998
 -42.34512329 38.23600769 25.88591003
 -42.11392212 38.16313171 23.15121078
 -41.99108887 37.96702576 20.14974976
 -41.83297729 37.82061386 19.97752953
 -41.67828369 37.73376846 19.28508949
 -41.47274780 37.58311081 17.25918007
 -41.35198975 37.51866913 16.58596039
 -41.27825928 37.42099380 15.87963963
 -41.21365356 37.31561279 15.49440956
 -41.06173706 37.24033356 14.09885025
 -40.95559692 37.19529343 14.46164989
 -40.79644775 37.13881683 14.78048992
 -40.67474365 37.09922409 13.89373970
 -40.57113647 36.97783279 13.02888966
 -40.48941040 36.73318863 12.92045975
 -40.44775391 36.58083344 14.11423969
 -40.32708740 36.49621964 14.71837044
 -40.08874512 36.35641098 14.12125015
 -39.90490723 36.36617661 14.59624004
 -39.47839355 36.48977661 14.90968990
 -38.83749390 36.45198822 15.40898991
 -38.48577881 35.96065140 15.77075958
 -38.05776978 35.59284973 12.99479008
 -37.64010620 35.36097717 13.33197021
 -37.22326660 35.22984314 12.74470043
 -36.73745728 34.92121124 14.04975986
 -36.10589600 34.72041321 13.99738026
 -35.43258667 34.64361954 15.37082005
 -35.23782349 33.88769913 13.83211040
 -34.75292969 33.74870682 11.53205967
 -34.07751465 33.85862732 11.87839985
 -33.94888306 33.11581421 11.64369965
 -33.75579834 33.07258987 10.91491985
 -33.12033081 33.97567749 11.12001991
 -32.67260742 34.22859192 10.41075039
 -32.17266846 33.82491302 10.96222019
 -31.68667603 33.53896332 10.00399017
 -31.30282593 33.06115723 8.437729836
 -31.47283936 32.12104416 8.124597549
 -31.48583984 31.62319946 8.277691841
 -31.63903809 31.17652893 7.496481895
 -31.42272949 31.11179733 7.376062870
 -31.22302246 30.63285065 8.581143379
 -31.32458496 29.91344833 10.91644955
 -31.91494751 29.50331879 11.23908997
 -32.50021362 29.21683693 11.40044022
 -33.60748291 29.24355507 11.39424038
track9
 -11.80493164 10.67962456 19.39359093
 -12.75772095 10.77840900 17.40601921
 -13.50085449 10.99634075 17.60438919
 -14.17404175 11.02574825 22.12101936
 -14.64062500 11.17358208 23.26495934
 -14.93756104 11.26424026 25.21244049
 -15.06503296 11.81003761 25.73653030
 -15.13677979 12.37317562 26.82648087
 -15.23657227 12.77051067 28.48801994
 -14.93185425 13.83777809 26.93330002
 -14.34371948 15.63517666 25.74581909
 -14.67663574 16.09956360 25.64809990
 -15.08148193 16.31468391 23.08287048
 -15.46279907 16.82258034 21.21867943
 -15.97637939 17.22809601 20.40189934
 -16.53347778 17.67315674 19.72790909
 -16.97778320 18.08467484 19.45071030
 -17.43215942 18.49025917 18.22463989
 -17.74942017 18.90135956 19.06966972
 -18.10986328 19.38366890 19.82094002
 -18.40612793 19.78257370 19.09630966
 -18.69274902 20.19669533 18.25035095
 -18.89294434 20.48539162 17.87447929
 -18.93762207 20.62628174 18.87574959
 -19.02502441 20.94915390 20.49889946
 -19.12197876 21.35537910 21.28274918
 -19.16320801 21.82926750 23.13834000
 -19.33392334 22.56900024 26.22516060
 -19.60531616 23.42442513 24.53805923
 -20.03021240 24.44593811 21.17219925
 -20.25918579 25.28952980 20.64789963
 -20.35906982 26.12914467 20.23250961
 -20.53903198 26.91329956 19.75888062
 -20.82269287 27.64142227 20.08970070
 -21.31051636 28.40042877 19.00395012
 -21.77972412 29.17107582 18.62697029
 -22.23223877 29.84615135 17.49452019
 -22.77078247 30.27707100 17.61846924
 -23.50338745 30.26824379 16.88274002
 -24.14303589 29.98488235 16.55448914
 -24.83700562 29.75668526 14.83069992
 -25.37695312 29.71185303 14.68251038
 -25.87399292 29.61410332 13.93667984
 -26.24703979 29.75826836 14.68638992
 -26.48309326 29.84456444 13.71220016
 -28.66632080 29.06993103 13.00786972
 -30.17382812 28.85117722 13.55823994
 -31.13967896 28.62399292 14.06577015
 -32.15689087 28.26657486 15.02772999
 -33.25717163 27.89045334 15.40785027
track10
 5.064423084 11.25364208 14.76988029
 4.799561024 9.949681282 14.51169014
 4.277252197 9.977353096 14.99701977
 3.574280024 10.28977489 16.90500069
 2.871428967 10.37129974 17.67239952
 2.089478016 10.19232464 18.18450928
 1.496520996 9.992920876 17.55875015
 0.8955690265 10.07434845 17.24119949
 0.1175229996 9.980488777 17.04029083
 -0.5707702637 9.597717285 18.80282021
 -1.199890137 9.434121132 17.67024994
 -1.664733887 9.587792397 16.47528076
 -1.921417236 9.872928619 15.62985992
 -3.201934814 10.07708931 15.73437023
 -4.542907715 9.926792145 18.56279945
 -5.311096191 9.733524323 18.92765045
 -5.934753418 9.945958138 19.30648994
 -6.460388184 10.20410728 19.93787003
 -6.974670410 10.93070221 19.06708908
 -7.500976562 11.47178745 17.33120918
 -8.194519043 11.98265076 16.71495056
 -9.234802246 11.92776585 20.14731979
 -10.15689087 12.11259747 22.54179955
 -11.04583740 12.18228245 23.38382912
 -11.95693970 12.18915176 22.96512985
 -12.91131592 12.05256462 23.71237946
 -13.72436523 12.17640209 24.45004082
 -13.96768188 12.75727177 27.45632935
 -14.30514526 13.06090260 27.60466957
 -14.64471436 13.62272835 30.47620010
 -14.94451904 14.15503120 30.69351959
 -15.32998657 14.62998867 29.18973923
 -15.69747925 14.98302460 28.21549988
 -16.12326050 15.31060791 26.54353905
 -16.53234863 15.70006847 25.04352951
 -16.92840576 15.95860958 23.44210052
 -17.34252930 16.32937050 24.55895042
 -17.68560791 16.71260262 25.14335060
 -17.91781616 17.03173828 25.97158051
 -18.29370117 17.29261589 28.24209023
 -18.64367676 17.41590500 30.44235992
 -18.88955688 17.58991241 29.94416046
 -19.13061523 17.79386711 28.41341972
 -19.43078613 17.90028954 25.84881020
 -19.78521729 18.08650208 24.83982086
 -20.12994385 18.28654861 26.55758095
 -20.51525879 18.77684784 31.13727951
 -20.78540039 19.46858978 34.00587845
 -21.08837891 20.20895576 34.01425934
 -21.49917603 20.97885513 32.05492020
 -22.01226807 21.60817719 31.54249954
 -22.47113037 22.02278709 28.71566010
 -22.80718994 22.40437317 26.94268036
 -23.08657837 22.85719490 26.51232910
 -23.31414795 23.37028694 26.57111931
 -23.36474609 23.79620934 26.14895058
 -23.37023926 24.34352684 23.89337921
 -23.35391235 24.99630165 23.92605019
 -23.24716187 25.65799522 25.30446053
 -23.08416748 26.30602074 22.81327057
 -23.10311890 26.98386383 22.43567085
 -23.42877197 27.79935265 20.12583923
 -23.82229614 28.78571129 16.56306076
 -24.25942993 29.61239243 17.18667030
 -24.88299561 30.03040123 15.54559040
 -25.71325684 30.14027596 16.10136986
 -26.64443970 29.86118889 15.99995995
 -27.59832764 29.81002235 15.44657040
 -28.70321655 29.82899857 13.61954021
 -31.54357910 31.61700630 13.18107986
 -32.80563354 31.70563507 12.37222958
 -33.52365112 31.95201683 13.03973007
 -33.24816895 32.19961929 11.54549980
 -34.25445557 33.08648682 11.75716019
 -36.18554688 33.27431488 11.91901016
track11
 -28.63464355 13.04865074 13.44120979
 -29.69335938 13.09634113 15.62195969
 -29.97607422 13.95544243 15.70744038
 -30.77313232 13.91650200 15.49090004
 -31.68624878 13.96770954 15.74279022
 -32.46301270 14.73038387 18.36648941
 -33.78598022 14.82762527 19.58151054
 -35.17834473 14.67697144 19.41029930
 -36.39172363 14.65597725 20.88415909
 -37.66952515 14.65672302 22.87607002
 -38.80285645 14.60859489 23.72713089
 -39.88125610 14.69704342 22.89506912
 -40.99005127 14.81646538 22.95079041
 -42.08865356 14.80985069 23.56127930
 -43.10736084 15.00664711 24.33460999
 -44.16772461 15.30017185 23.85371017
 -45.26495361 15.29787731 24.53165054
 -46.24328613 15.28992462 25.01036072
 -47.28808594 15.32984161 23.87145042
 -48.27664185 15.37588310 22.64514923
 -49.16336060 15.41839123 23.15990067
 -50.00958252 15.63572311 25.29673958
 -50.88809204 15.76068974 27.19906998
 -51.73352051 15.85746384 29.32048988
 -52.49847412 16.11628723 29.88694954
 -53.23373413 16.38398743 31.36338997
 -53.97921753 16.61877441 31.32914925
 -54.78317261 16.59817123 32.80252075
 -55.47659302 16.46229172 36.22323990
 -56.26922607 16.16732597 32.03792953